8.699214E-02	8.699250E-02
1.740660E-01	1.740660E-01
2.613016E-01	2.613010E-01
3.487803E-01	3.487790E-01
4.365832E-01	4.365820E-01
5.247918E-01	5.247900E-01
6.134893E-01	6.134860E-01
7.027583E-01	7.027520E-01
7.926802E-01	7.926710E-01
8.833388E-01	8.833260E-01
9.748197E-01	9.748010E-01
1.067208E+00	1.067180E+00
1.160589E+00	1.160550E+00
1.255049E+00	1.254990E+00
1.350679E+00	1.350600E+00
1.447561E+00	1.447450E+00
1.545792E+00	1.545640E+00
1.645463E+00	1.645260E+00
1.746663E+00	1.746390E+00
1.849486E+00	1.849130E+00
1.954033E+00	1.953570E+00
2.060397E+00	2.059790E+00
2.168678E+00	2.167900E+00
2.278977E+00	2.277980E+00
2.391393E+00	2.390140E+00
2.506034E+00	2.504450E+00
2.623010E+00	2.621030E+00
2.742427E+00	2.739950E+00
2.864389E+00	2.861320E+00
2.989021E+00	2.985240E+00
3.116434E+00	3.111780E+00
3.246744E+00	3.241040E+00
3.380072E+00	3.373120E+00
3.516552E+00	3.508090E+00
3.656293E+00	3.646050E+00
3.799444E+00	3.787060E+00
3.946126E+00	3.931200E+00
4.096482E+00	4.078530E+00
4.250647E+00	4.229130E+00
4.408766E+00	4.383030E+00
4.570987E+00	4.540270E+00
4.737465E+00	4.700880E+00
4.908344E+00	4.864880E+00
5.083795E+00	5.032260E+00
5.263965E+00	5.202990E+00
5.449040E+00	5.377040E+00
5.639181E+00	5.554330E+00
5.834572E+00	5.734780E+00
6.035385E+00	5.918260E+00
6.241817E+00	6.104620E+00
6.454060E+00	6.293690E+00
6.672307E+00	6.485230E+00
6.896758E+00	6.679010E+00
7.127628E+00	6.874730E+00
7.365123E+00	7.072080E+00
7.609463E+00	7.270690E+00
7.860895E+00	7.470190E+00
8.119644E+00	7.670160E+00
8.385926E+00	7.870170E+00
8.660022E+00	8.069760E+00
8.942192E+00	8.268470E+00
9.232663E+00	8.465840E+00
9.531714E+00	8.661400E+00
9.839658E+00	8.854710E+00
1.015664E+01	9.045340E+00
1.048335E+01	9.232900E+00
1.081957E+01	9.417020E+00
1.116580E+01	9.597380E+00
1.152259E+01	9.773710E+00
1.189022E+01	9.945790E+00
1.226874E+01	1.011340E+01
1.265843E+01	1.027650E+01
1.306021E+01	1.043500E+01
1.347411E+01	1.058880E+01
1.390049E+01	1.073800E+01
1.433970E+01	1.088250E+01
1.479245E+01	1.102260E+01
1.525879E+01	1.115820E+01
1.573947E+01	1.128960E+01
1.623491E+01	1.141690E+01
1.674519E+01	1.154030E+01
1.727110E+01	1.165990E+01
1.781312E+01	1.177590E+01
1.837173E+01	1.188860E+01
1.894742E+01	1.199820E+01
1.954069E+01	1.210470E+01
2.015209E+01	1.220850E+01
2.078261E+01	1.230970E+01
2.143187E+01	1.240840E+01
2.210141E+01	1.250490E+01
2.279135E+01	1.259930E+01
2.350282E+01	1.269180E+01
2.423595E+01	1.278250E+01
2.499194E+01	1.287160E+01
2.577033E+01	1.295910E+01
2.657358E+01	1.304530E+01
2.740123E+01	1.313020E+01
2.825400E+01	1.321390E+01
2.913332E+01	1.329650E+01
3.004000E+01	1.337820E+01
3.097491E+01	1.345900E+01
3.193817E+01	1.353890E+01
3.293063E+01	1.361820E+01
3.395471E+01	1.369670E+01
3.500983E+01	1.377470E+01
3.609774E+01	1.385210E+01
3.721860E+01	1.392900E+01
3.837514E+01	1.400540E+01
3.956672E+01	1.408150E+01
4.079529E+01	1.415720E+01
4.206104E+01	1.423250E+01
4.336706E+01	1.430760E+01
4.471261E+01	1.438240E+01
4.610096E+01	1.445700E+01
4.753133E+01	1.453130E+01
4.900496E+01	1.460550E+01
5.052543E+01	1.467950E+01
5.209308E+01	1.475340E+01
5.370813E+01	1.482720E+01
5.537452E+01	1.490080E+01
5.709131E+01	1.497440E+01
5.886132E+01	1.504790E+01
6.068621E+01	1.512130E+01
6.256767E+01	1.519470E+01
6.450747E+01	1.526810E+01
6.650740E+01	1.534140E+01
6.856934E+01	1.541470E+01
7.069521E+01	1.548800E+01
7.288531E+01	1.556120E+01
7.514498E+01	1.563450E+01
7.747293E+01	1.570780E+01
7.987484E+01	1.578110E+01
8.234932E+01	1.585440E+01
8.490241E+01	1.592780E+01
8.753263E+01	1.600120E+01
9.024435E+01	1.607460E+01
9.304006E+01	1.614810E+01
9.592460E+01	1.622160E+01
9.889629E+01	1.629510E+01
1.019600E+02	1.636870E+01
1.051187E+02	1.644240E+01
1.083752E+02	1.651610E+01
1.117326E+02	1.658980E+01
1.151940E+02	1.666370E+01
1.187627E+02	1.673750E+01
1.224419E+02	1.681150E+01
1.262351E+02	1.688550E+01
1.301458E+02	1.695970E+01
1.341776E+02	1.703380E+01
1.383343E+02	1.710810E+01
1.426166E+02	1.718250E+01
1.470348E+02	1.725690E+01
1.515898E+02	1.733150E+01
1.562860E+02	1.740610E+01
1.611276E+02	1.748080E+01
1.661193E+02	1.755560E+01
1.712616E+02	1.763060E+01
1.765672E+02	1.770560E+01
1.820371E+02	1.778080E+01
1.876765E+02	1.785610E+01
1.934862E+02	1.793150E+01
1.994803E+02	1.800700E+01
2.056601E+02	1.808270E+01
2.120313E+02	1.815850E+01
2.185949E+02	1.823440E+01
2.253668E+02	1.831050E+01
2.323486E+02	1.838680E+01
2.395411E+02	1.846320E+01
2.469619E+02	1.853980E+01
2.546127E+02	1.861650E+01
2.624944E+02	1.869350E+01
2.706263E+02	1.877060E+01
2.790101E+02	1.884790E+01
2.876471E+02	1.892550E+01
2.965582E+02	1.900320E+01
3.057454E+02	1.908120E+01
3.152100E+02	1.915940E+01
3.249750E+02	1.923790E+01
3.350426E+02	1.931660E+01
3.454141E+02	1.939550E+01
3.561148E+02	1.947470E+01
3.671386E+02	1.955420E+01
3.785123E+02	1.963400E+01
3.902384E+02	1.971410E+01
4.023185E+02	1.979460E+01
4.147821E+02	1.987530E+01
4.276318E+02	1.995640E+01
4.408694E+02	2.003780E+01
4.545273E+02	2.011960E+01
4.685975E+02	2.020180E+01
4.831144E+02	2.028440E+01
4.980810E+02	2.036740E+01
5.134995E+02	2.045080E+01
5.294074E+02	2.053460E+01
5.457956E+02	2.061890E+01
5.627040E+02	2.070370E+01
5.801362E+02	2.078890E+01
5.980948E+02	2.087470E+01
6.166234E+02	2.096090E+01
6.357114E+02	2.104770E+01
6.554054E+02	2.113500E+01
6.757095E+02	2.122290E+01
6.966265E+02	2.131140E+01
7.182076E+02	2.140050E+01
7.404402E+02	2.149020E+01
7.633786E+02	2.158060E+01
7.870277E+02	2.167160E+01
8.113907E+02	2.176320E+01
8.365271E+02	2.185560E+01
8.624223E+02	2.194870E+01
8.891397E+02	2.204250E+01
9.166847E+02	2.213700E+01
9.450613E+02	2.223230E+01
9.743388E+02	2.232840E+01
1.004500E+03	2.242540E+01
1.035619E+03	2.252310E+01
1.067702E+03	2.262170E+01
1.100753E+03	2.272110E+01
1.134854E+03	2.282150E+01
1.169984E+03	2.292270E+01
1.206230E+03	2.302490E+01
1.243598E+03	2.312800E+01
1.282094E+03	2.323210E+01
1.321813E+03	2.333710E+01
1.362731E+03	2.344310E+01
1.404947E+03	2.355010E+01
1.448472E+03	2.365820E+01
1.493310E+03	2.376730E+01
1.539572E+03	2.387740E+01
1.587230E+03	2.398860E+01
1.636402E+03	2.410080E+01
1.687097E+03	2.421410E+01
1.739322E+03	2.432850E+01
1.793205E+03	2.444390E+01
1.848715E+03	2.456040E+01
1.905987E+03	2.467800E+01
1.965034E+03	2.479660E+01
2.025863E+03	2.491630E+01
2.088623E+03	2.503700E+01
2.153277E+03	2.515860E+01
2.219985E+03	2.528120E+01
2.288706E+03	2.540480E+01
2.359609E+03	2.552920E+01
2.432708E+03	2.565440E+01
2.508014E+03	2.578030E+01
2.585711E+03	2.590680E+01
2.665754E+03	2.603390E+01
2.748337E+03	2.616140E+01
2.833479E+03	2.628920E+01
2.921191E+03	2.641710E+01
3.011688E+03	2.654500E+01
3.104917E+03	2.667260E+01
3.201106E+03	2.679960E+01
3.300274E+03	2.692580E+01
3.402436E+03	2.705090E+01
3.507842E+03	2.717450E+01
3.616429E+03	2.729620E+01
3.728464E+03	2.741540E+01
3.843882E+03	2.753160E+01
3.962963E+03	2.764420E+01
4.085733E+03	2.775250E+01
4.212210E+03	2.785550E+01
4.342702E+03	2.795240E+01
4.477133E+03	2.804210E+01
4.615832E+03	2.812340E+01
4.758828E+03	2.819500E+01
4.906141E+03	2.825560E+01
5.058130E+03	2.830380E+01
5.214708E+03	2.833840E+01
5.376257E+03	2.835880E+01
5.542810E+03	2.836700E+01
5.714392E+03	2.836850E+01
5.891420E+03	2.836850E+01
6.073793E+03	2.836840E+01
6.261956E+03	2.836840E+01
6.455948E+03	2.836840E+01
6.655796E+03	2.836830E+01
6.861989E+03	2.836830E+01
7.074406E+03	2.836830E+01
7.293567E+03	2.836820E+01
7.519345E+03	2.836820E+01
7.752290E+03	2.836810E+01
7.992451E+03	2.836810E+01
8.239863E+03	2.836800E+01
8.495129E+03	2.836800E+01
8.758102E+03	2.836790E+01
9.029423E+03	2.836790E+01
9.309149E+03	2.836780E+01
9.597321E+03	2.836770E+01
9.894640E+03	2.836770E+01
1.020094E+04	2.836760E+01
1.051695E+04	2.836750E+01
1.084276E+04	2.836750E+01
1.117841E+04	2.836740E+01
1.152471E+04	2.836730E+01
1.188147E+04	2.836730E+01
1.224955E+04	2.836720E+01
1.262903E+04	2.836710E+01
1.301997E+04	2.836700E+01
1.342332E+04	2.836690E+01
1.383885E+04	2.836680E+01
1.426757E+04	2.836670E+01
1.470923E+04	2.836660E+01
1.516492E+04	2.836650E+01
1.563472E+04	2.836640E+01
1.611870E+04	2.836630E+01
1.661805E+04	2.836620E+01
1.713247E+04	2.836610E+01
1.766322E+04	2.836600E+01
1.821042E+04	2.836590E+01
1.877414E+04	2.836580E+01
1.935575E+04	2.836570E+01
1.995492E+04	2.836560E+01
2.057311E+04	2.836550E+01
2.121046E+04	2.836540E+01
2.186704E+04	2.836530E+01
2.254447E+04	2.836510E+01
2.324235E+04	2.836500E+01
2.396238E+04	2.836490E+01
2.470415E+04	2.836480E+01
2.546948E+04	2.836470E+01
2.625851E+04	2.836460E+01
2.707136E+04	2.836450E+01
2.791001E+04	2.836440E+01
2.877398E+04	2.836430E+01
2.966539E+04	2.836420E+01
3.058440E+04	2.836400E+01
3.153116E+04	2.836390E+01
3.250798E+04	2.836380E+01
3.351429E+04	2.836370E+01
3.455254E+04	2.836360E+01
3.562296E+04	2.836350E+01
3.672569E+04	2.836350E+01
3.786343E+04	2.836340E+01
3.903552E+04	2.836330E+01
4.024482E+04	2.836320E+01
4.149063E+04	2.836310E+01
4.277598E+04	2.836300E+01
4.410116E+04	2.836290E+01
4.546634E+04	2.836290E+01
4.687486E+04	2.836280E+01
4.832591E+04	2.836270E+01
4.982301E+04	2.836260E+01
5.136650E+04	2.836250E+01
5.295659E+04	2.836250E+01
5.459715E+04	2.836240E+01
5.628725E+04	2.836230E+01
5.803099E+04	2.836230E+01
5.982876E+04	2.836220E+01
6.168080E+04	2.836220E+01
6.359164E+04	2.836210E+01
6.556016E+04	2.836200E+01
6.759118E+04	2.836200E+01
6.968511E+04	2.836190E+01
7.184226E+04	2.836190E+01
7.406789E+04	2.836180E+01
7.636072E+04	2.836180E+01
7.872633E+04	2.836170E+01
8.116336E+04	2.836170E+01
8.367775E+04	2.836160E+01
8.627004E+04	2.836160E+01
8.894059E+04	2.836150E+01
9.169592E+04	2.836150E+01
9.453443E+04	2.836140E+01
9.746305E+04	2.836140E+01
1.004824E+05	2.836130E+01
1.035929E+05	2.836130E+01
1.068022E+05	2.836120E+01
1.101083E+05	2.836110E+01
1.135194E+05	2.836110E+01
1.170361E+05	2.836100E+01
1.206591E+05	2.836100E+01
1.243970E+05	2.836090E+01
1.282478E+05	2.836080E+01
1.322209E+05	2.836080E+01
1.363139E+05	2.836070E+01
1.405368E+05	2.836060E+01
1.448905E+05	2.836050E+01
1.493757E+05	2.836030E+01
1.540033E+05	2.836020E+01
1.587706E+05	2.836010E+01
1.636892E+05	2.835970E+01
1.687602E+05	2.835970E+01
1.739843E+05	2.836020E+01
