9.111922E-02	9.111910E-02
1.823228E-01	1.823230E-01
2.736963E-01	2.736960E-01
3.653247E-01	3.653240E-01
4.572924E-01	4.572920E-01
5.496851E-01	5.496840E-01
6.425901E-01	6.425880E-01
7.360935E-01	7.360890E-01
8.302804E-01	8.302730E-01
9.252400E-01	9.252280E-01
1.021061E+00	1.021040E+00
1.117831E+00	1.117800E+00
1.215641E+00	1.215600E+00
1.314583E+00	1.314520E+00
1.414748E+00	1.414660E+00
1.516226E+00	1.516100E+00
1.619120E+00	1.618940E+00
1.723515E+00	1.723270E+00
1.829515E+00	1.829190E+00
1.937220E+00	1.936790E+00
2.046723E+00	2.046160E+00
2.158132E+00	2.157390E+00
2.271548E+00	2.270590E+00
2.387080E+00	2.385860E+00
2.504829E+00	2.503280E+00
2.624914E+00	2.622950E+00
2.747432E+00	2.744970E+00
2.872513E+00	2.869440E+00
3.000261E+00	2.996450E+00
3.130805E+00	3.126090E+00
3.264262E+00	3.258460E+00
3.400752E+00	3.393640E+00
3.540405E+00	3.531720E+00
3.683359E+00	3.672790E+00
3.829737E+00	3.816920E+00
3.979669E+00	3.964180E+00
4.133310E+00	4.114630E+00
4.290797E+00	4.268340E+00
4.452275E+00	4.425360E+00
4.617894E+00	4.585700E+00
4.787811E+00	4.749400E+00
4.962186E+00	4.916470E+00
5.141170E+00	5.086880E+00
5.324943E+00	5.260610E+00
5.513660E+00	5.437610E+00
5.707514E+00	5.617790E+00
5.906674E+00	5.801050E+00
6.111334E+00	5.987250E+00
6.321687E+00	6.176240E+00
6.537911E+00	6.367800E+00
6.760207E+00	6.561710E+00
6.988806E+00	6.757690E+00
7.223905E+00	6.955440E+00
7.465725E+00	7.154620E+00
7.714486E+00	7.354860E+00
7.970435E+00	7.555750E+00
8.233775E+00	7.756880E+00
8.504798E+00	7.957780E+00
8.783730E+00	8.158010E+00
9.070829E+00	8.357090E+00
9.366363E+00	8.554560E+00
9.670613E+00	8.749960E+00
9.983849E+00	8.942850E+00
1.030647E+01	9.132820E+00
1.063849E+01	9.319480E+00
1.098045E+01	9.502500E+00
1.133287E+01	9.681580E+00
1.169553E+01	9.856460E+00
1.206924E+01	1.002700E+01
1.245403E+01	1.019290E+01
1.285050E+01	1.035420E+01
1.325898E+01	1.051090E+01
1.367981E+01	1.066280E+01
1.411335E+01	1.081010E+01
1.455995E+01	1.095280E+01
1.502000E+01	1.109100E+01
1.549423E+01	1.122490E+01
1.598269E+01	1.135460E+01
1.648618E+01	1.148020E+01
1.700474E+01	1.160200E+01
1.753961E+01	1.172010E+01
1.809048E+01	1.183470E+01
1.865821E+01	1.194610E+01
1.924332E+01	1.205440E+01
1.984632E+01	1.215980E+01
2.046775E+01	1.226250E+01
2.110814E+01	1.236270E+01
2.176807E+01	1.246050E+01
2.244864E+01	1.255620E+01
2.314995E+01	1.264990E+01
2.387262E+01	1.274170E+01
2.461784E+01	1.283180E+01
2.538575E+01	1.292030E+01
2.617701E+01	1.300740E+01
2.699293E+01	1.309310E+01
2.783428E+01	1.317770E+01
2.870120E+01	1.326110E+01
2.959443E+01	1.334350E+01
3.051547E+01	1.342490E+01
3.146516E+01	1.350560E+01
3.244367E+01	1.358540E+01
3.345261E+01	1.366460E+01
3.449292E+01	1.374310E+01
3.556477E+01	1.382100E+01
3.667077E+01	1.389840E+01
3.780942E+01	1.397540E+01
3.898432E+01	1.405190E+01
4.019481E+01	1.412810E+01
4.144289E+01	1.420390E+01
4.272972E+01	1.427950E+01
4.405650E+01	1.435470E+01
4.542448E+01	1.442980E+01
4.683387E+01	1.450460E+01
4.828698E+01	1.457920E+01
4.978517E+01	1.465370E+01
5.132985E+01	1.472810E+01
5.292246E+01	1.480230E+01
5.456448E+01	1.487650E+01
5.625615E+01	1.495050E+01
5.800027E+01	1.502450E+01
5.979984E+01	1.509850E+01
6.165382E+01	1.517240E+01
6.356529E+01	1.524630E+01
6.553601E+01	1.532020E+01
6.756783E+01	1.539410E+01
6.966265E+01	1.546800E+01
7.182241E+01	1.554200E+01
7.404743E+01	1.561590E+01
7.634314E+01	1.568990E+01
7.871002E+01	1.576400E+01
8.114841E+01	1.583810E+01
8.366234E+01	1.591220E+01
8.625614E+01	1.598650E+01
8.892830E+01	1.606080E+01
9.168536E+01	1.613520E+01
9.452572E+01	1.620970E+01
9.745407E+01	1.628420E+01
1.004731E+02	1.635890E+01
1.035857E+02	1.643370E+01
1.067972E+02	1.650860E+01
1.101058E+02	1.658360E+01
1.135168E+02	1.665880E+01
1.170334E+02	1.673410E+01
1.206591E+02	1.680950E+01
1.243970E+02	1.688500E+01
1.282508E+02	1.696080E+01
1.322239E+02	1.703660E+01
1.363201E+02	1.711270E+01
1.405400E+02	1.718890E+01
1.448939E+02	1.726530E+01
1.493826E+02	1.734180E+01
1.540104E+02	1.741860E+01
1.587815E+02	1.749560E+01
1.637005E+02	1.757280E+01
1.687680E+02	1.765020E+01
1.739963E+02	1.772780E+01
1.793866E+02	1.780570E+01
1.849439E+02	1.788380E+01
1.906734E+02	1.796220E+01
1.965758E+02	1.804090E+01
2.026656E+02	1.811980E+01
2.089440E+02	1.819900E+01
2.154170E+02	1.827860E+01
2.220854E+02	1.835840E+01
2.289655E+02	1.843850E+01
2.360587E+02	1.851900E+01
2.433661E+02	1.859990E+01
2.509054E+02	1.868110E+01
2.586783E+02	1.876260E+01
2.666859E+02	1.884460E+01
2.749476E+02	1.892690E+01
2.834654E+02	1.900970E+01
2.922402E+02	1.909290E+01
3.012937E+02	1.917660E+01
3.106276E+02	1.926070E+01
3.202433E+02	1.934520E+01
3.301642E+02	1.943030E+01
3.403925E+02	1.951590E+01
3.509296E+02	1.960200E+01
3.618012E+02	1.968860E+01
3.730096E+02	1.977580E+01
3.845564E+02	1.986360E+01
3.964697E+02	1.995200E+01
4.087427E+02	2.004090E+01
4.214053E+02	2.013050E+01
4.344602E+02	2.022080E+01
4.479092E+02	2.031170E+01
4.617852E+02	2.040330E+01
4.760910E+02	2.049550E+01
4.908288E+02	2.058860E+01
5.060344E+02	2.068230E+01
5.216990E+02	2.077680E+01
5.378609E+02	2.087210E+01
5.545236E+02	2.096820E+01
5.716892E+02	2.106510E+01
5.893998E+02	2.116290E+01
6.076451E+02	2.126150E+01
6.264696E+02	2.136100E+01
6.458773E+02	2.146140E+01
6.658708E+02	2.156260E+01
6.864991E+02	2.166490E+01
7.077502E+02	2.176810E+01
7.296759E+02	2.187220E+01
7.522808E+02	2.197740E+01
7.755682E+02	2.208350E+01
7.995949E+02	2.219070E+01
8.243469E+02	2.229890E+01
8.498847E+02	2.240820E+01
8.762136E+02	2.251850E+01
9.033374E+02	2.262990E+01
9.313223E+02	2.274240E+01
9.601520E+02	2.285590E+01
9.898970E+02	2.297060E+01
1.020563E+03	2.308630E+01
1.052156E+03	2.320320E+01
1.084751E+03	2.332110E+01
1.118330E+03	2.344010E+01
1.152975E+03	2.356020E+01
1.188694E+03	2.368130E+01
1.225491E+03	2.380340E+01
1.263456E+03	2.392650E+01
1.302567E+03	2.405060E+01
1.342920E+03	2.417550E+01
1.384522E+03	2.430130E+01
1.427381E+03	2.442780E+01
1.471601E+03	2.455500E+01
1.517155E+03	2.468280E+01
1.564156E+03	2.481110E+01
1.612575E+03	2.493960E+01
1.662532E+03	2.506830E+01
1.714036E+03	2.519700E+01
1.767095E+03	2.532550E+01
1.821839E+03	2.545340E+01
1.878235E+03	2.558060E+01
1.936422E+03	2.570670E+01
1.996411E+03	2.583130E+01
2.058211E+03	2.595410E+01
2.121974E+03	2.607440E+01
2.187661E+03	2.619180E+01
2.255433E+03	2.630550E+01
2.325305E+03	2.641500E+01
2.397287E+03	2.651930E+01
2.471553E+03	2.661740E+01
2.548062E+03	2.670840E+01
2.627000E+03	2.679100E+01
2.708383E+03	2.686400E+01
2.792222E+03	2.692600E+01
2.878724E+03	2.697560E+01
2.967837E+03	2.701170E+01
3.059779E+03	2.703380E+01
3.154496E+03	2.704350E+01
3.252221E+03	2.704580E+01
3.352973E+03	2.704590E+01
3.456766E+03	2.704580E+01
3.563855E+03	2.704580E+01
3.674176E+03	2.704580E+01
3.788000E+03	2.704580E+01
3.905350E+03	2.704580E+01
4.026243E+03	2.704580E+01
4.150974E+03	2.704580E+01
4.279470E+03	2.704580E+01
4.412046E+03	2.704580E+01
4.548728E+03	2.704580E+01
4.689537E+03	2.704580E+01
4.834817E+03	2.704580E+01
4.984482E+03	2.704580E+01
5.138898E+03	2.704580E+01
5.298098E+03	2.704580E+01
5.462104E+03	2.704580E+01
5.631317E+03	2.704580E+01
5.805639E+03	2.704580E+01
5.985494E+03	2.704570E+01
6.170779E+03	2.704570E+01
6.361946E+03	2.704570E+01
6.559036E+03	2.704570E+01
6.762075E+03	2.704570E+01
6.971560E+03	2.704570E+01
7.187370E+03	2.704570E+01
7.410031E+03	2.704570E+01
7.639589E+03	2.704570E+01
7.876078E+03	2.704570E+01
8.120074E+03	2.704570E+01
8.371437E+03	2.704560E+01
8.630779E+03	2.704560E+01
8.898156E+03	2.704560E+01
9.173604E+03	2.704560E+01
9.457797E+03	2.704560E+01
9.750570E+03	2.704560E+01
1.005264E+04	2.704560E+01
1.036382E+04	2.704560E+01
1.068489E+04	2.704550E+01
1.101590E+04	2.704550E+01
1.135691E+04	2.704550E+01
1.170874E+04	2.704550E+01
1.207119E+04	2.704550E+01
1.244515E+04	2.704550E+01
1.283069E+04	2.704550E+01
1.322787E+04	2.704540E+01
1.363766E+04	2.704540E+01
1.405983E+04	2.704540E+01
1.449539E+04	2.704540E+01
1.494445E+04	2.704540E+01
1.540707E+04	2.704540E+01
1.588437E+04	2.704530E+01
1.637608E+04	2.704530E+01
1.688340E+04	2.704530E+01
1.740644E+04	2.704530E+01
1.794527E+04	2.704530E+01
1.850120E+04	2.704520E+01
1.907392E+04	2.704520E+01
1.966482E+04	2.704520E+01
2.027356E+04	2.704520E+01
2.090162E+04	2.704510E+01
2.154914E+04	2.704510E+01
2.221621E+04	2.704510E+01
2.290446E+04	2.704510E+01
2.361348E+04	2.704500E+01
2.434501E+04	2.704500E+01
2.509921E+04	2.704500E+01
2.587617E+04	2.704490E+01
2.667780E+04	2.704490E+01
2.750363E+04	2.704490E+01
2.835568E+04	2.704480E+01
2.923412E+04	2.704480E+01
3.013908E+04	2.704480E+01
3.107277E+04	2.704470E+01
3.203465E+04	2.704470E+01
3.302707E+04	2.704470E+01
3.404944E+04	2.704460E+01
3.510427E+04	2.704460E+01
3.619178E+04	2.704460E+01
3.731213E+04	2.704450E+01
3.846803E+04	2.704450E+01
3.965884E+04	2.704440E+01
4.088745E+04	2.704440E+01
4.215412E+04	2.704430E+01
4.345903E+04	2.704430E+01
4.480536E+04	2.704430E+01
4.619234E+04	2.704420E+01
4.762336E+04	2.704420E+01
4.909870E+04	2.704410E+01
5.061858E+04	2.704410E+01
5.218672E+04	2.704400E+01
5.380220E+04	2.704400E+01
5.546896E+04	2.704390E+01
5.718735E+04	2.704380E+01
5.895763E+04	2.704380E+01
6.078410E+04	2.704370E+01
6.266572E+04	2.704370E+01
6.460706E+04	2.704360E+01
6.660702E+04	2.704360E+01
6.867047E+04	2.704350E+01
7.079784E+04	2.704340E+01
7.298943E+04	2.704340E+01
7.525061E+04	2.704330E+01
7.758004E+04	2.704320E+01
7.998343E+04	2.704320E+01
8.246127E+04	2.704310E+01
8.501391E+04	2.704300E+01
8.764759E+04	2.704300E+01
9.036079E+04	2.704290E+01
9.316011E+04	2.704280E+01
9.604616E+04	2.704270E+01
9.901933E+04	2.704260E+01
1.020869E+05	2.704260E+01
1.052471E+05	2.704250E+01
1.085076E+05	2.704240E+01
1.118691E+05	2.704230E+01
1.153320E+05	2.704220E+01
1.189050E+05	2.704210E+01
1.225858E+05	2.704200E+01
1.263834E+05	2.704190E+01
1.302957E+05	2.704180E+01
1.343322E+05	2.704170E+01
1.384937E+05	2.704150E+01
1.427809E+05	2.704140E+01
1.472041E+05	2.704130E+01
1.517609E+05	2.704110E+01
1.564624E+05	2.704090E+01
1.613095E+05	2.704080E+01
1.663030E+05	2.704060E+01
1.714549E+05	2.704020E+01
1.767624E+05	2.704020E+01
1.822384E+05	2.704060E+01
